%not used
colorO2=[100 70 0]/255;
colorO4=[100 80 40]/255;
colorX=[183 27 0]/255;
colorA=[0 110 255]/255;
colorB=[221 147 0]/255;
colorC=[0 160 150]/255;
colorD=[60 160 0]/255;